"ID"	"issue"	"regulatory"	"ref05"	"ref05yn"	"expression"	"yes"	"no"	"yes4"	"yes5"	"yes6"	"yesother"	"no4"	"no5"	"no6"	"noother"	"en"	"reg"	"en4"	"en5"	"en6"	"enother"	"reg4"	"reg5"	"reg6"	"regother"
1	"2-1-1"	0	1	1	0	23	7	6	9	1	7	3	0	1	3	0	0	0	0	0	0	0	0	0	0
2	"2-2"	0	1	1	0	20	3	6	7	1	6	0	0	0	3	0	0	0	0	0	0	0	0	0	0
3	"2-3-1"	0	1	1	0	14	5	5	5	0	4	1	0	0	4	0	0	0	0	0	0	0	0	0	0
4	"2-3-2"	0	0	0	1	15	7	4	4	0	7	6	0	0	1	0	0	0	0	0	0	0	0	0	0
5	"3-1"	0	0	1	1	18	7	2	6	0	10	6	0	0	1	0	0	0	0	0	0	0	0	0	0
6	"3-2"	0	1	1	0	19	8	4	5	0	10	7	0	0	1	0	0	0	0	0	0	0	0	0	0
7	"3-3"	0	1	1	1	18	9	6	4	0	8	6	0	0	3	0	0	0	0	0	0	0	0	0	0
8	"3-4"	0	1	1	0	22	2	6	7	0	9	1	0	0	1	0	0	0	0	0	0	0	0	0	0
9	"4-1-1"	0	1	1	0	31	8	6	11	0	14	8	0	0	0	0	0	0	0	0	0	0	0	0	0
10	"4-1-2"	0	1	1	0	28	3	7	9	0	12	2	0	0	1	0	0	0	0	0	0	0	0	0	0
13	"4-2-2"	0	1	1	0	22	13	4	7	1	10	9	0	0	4	0	0	0	0	0	0	0	0	0	0
14	"4-2-3"	0	0	0	0	19	12	8	2	0	9	5	3	1	3	0	0	0	0	0	0	0	0	0	0
15	"4-2-4-1"	0	1	1	0	17	2	6	4	0	7	1	0	0	1	0	0	0	0	0	0	0	0	0	0
16	"4-2-4-3"	0	1	1	0	16	3	6	4	0	6	2	0	0	1	0	0	0	0	0	0	0	0	0	0
17	"4-2-5-1"	0	1	1	0	24	12	3	9	2	10	9	0	0	3	0	0	0	0	0	0	0	0	0	0
18	"4-2-5-2"	0	1	1	0	20	4	7	4	0	9	3	0	0	1	0	0	0	0	0	0	0	0	0	0
19	"4-2-6-1-1"	0	1	1	0	24	6	7	6	1	10	5	0	0	1	0	0	0	0	0	0	0	0	0	0
20	"4-2-6-1-2"	0	1	1	0	24	1	8	5	2	9	1	0	0	0	0	0	0	0	0	0	0	0	0	0
21	"4-2-6-1-3"	0	0	0	0	21	8	5	6	1	9	6	0	0	2	0	0	0	0	0	0	0	0	0	0
22	"4-2-6-2"	0	1	1	0	21	7	6	6	0	9	6	0	0	1	0	0	0	0	0	0	0	0	0	0
23	"4-3-1-1"	0	0	1	0	26	2	9	6	0	11	2	0	0	0	0	0	0	0	0	0	0	0	0	0
24	"4-3-1-2-1"	0	1	1	0	23	3	6	7	0	10	2	0	0	1	0	0	0	0	0	0	0	0	0	0
26	"4-3-1-2-3"	0	1	1	0	24	1	6	7	0	11	1	0	0	0	0	0	0	0	0	0	0	0	0	0
27	"4-3-1-2-4"	0	1	1	0	24	2	7	7	0	10	1	0	0	1	0	0	0	0	0	0	0	0	0	0
28	"4-3-1-3"	0	1	1	0	17	3	5	3	1	8	2	0	0	1	0	0	0	0	0	0	0	0	0	0
29	"4-3-1-4"	0	0	1	0	21	1	9	3	0	9	1	0	0	0	0	0	0	0	0	0	0	0	0	0
30	"4-3-2-2-1f"	0	0	0	1	3	8	2	0	0	1	5	0	0	3	0	0	0	0	0	0	0	0	0	0
31	"4-3-2-2-2"	0	0	1	0	22	1	7	6	0	9	1	0	0	0	0	0	0	0	0	0	0	0	0	0
32	"4-3-2-2-3"	0	1	1	0	22	1	6	6	0	10	1	0	0	0	0	0	0	0	0	0	0	0	0	0
33	"4-3-2-2-4"	0	1	1	0	20	8	5	6	0	9	6	0	0	2	0	0	0	0	0	0	0	0	0	0
34	"4-3-3"	0	0	1	0	22	1	8	3	1	10	0	0	0	1	0	0	0	0	0	0	0	0	0	0
35	"4-3-4-1"	0	1	1	0	27	2	9	6	2	10	2	0	0	0	0	0	0	0	0	0	0	0	0	0
36	"4-3-4-2"	0	1	1	0	26	3	8	6	2	19	3	0	0	0	0	0	0	0	0	0	0	0	0	0
37	"4-3-5"	0	1	1	1	16	19	0	7	3	6	13	0	1	5	0	0	0	0	0	0	0	0	0	0
38	"4-3-6-1"	0	0	1	0	19	2	8	2	0	9	1	1	0	0	0	0	0	0	0	0	0	0	0	0
39	"4-3-6-1-f2"	0	0	0	0	6	2	1	0	0	5	0	1	0	1	0	0	0	0	0	0	0	0	0	0
40	"4-3-6-2-2"	0	0	0	1	14	11	3	3	0	8	6	1	1	3	0	0	0	0	0	0	0	0	0	0
41	"4-3-6-3"	0	0	0	1	18	4	5	3	0	10	3	0	0	1	0	0	0	0	0	0	0	0	0	0
42	"4-3-7-1"	0	1	1	0	18	6	6	4	0	8	5	0	0	1	0	0	0	0	0	0	0	0	0	0
43	"4-3-7-2"	0	1	1	0	14	3	5	2	0	7	2	0	0	1	0	0	0	0	0	0	0	0	0	0
44	"4-3-7-3"	0	1	1	0	15	5	5	3	0	7	4	0	0	1	0	0	0	0	0	0	0	0	0	0
45	"4-3-7-4"	0	1	1	0	17	2	6	3	0	8	2	0	0	0	0	0	0	0	0	0	0	0	0	0
46	"4-3-7-5"	0	0	0	0	14	3	4	2	0	8	3	0	0	0	0	0	0	0	0	0	0	0	0	0
47	"4-3-8-1"	0	1	1	0	21	3	7	2	1	11	3	0	0	0	0	0	0	0	0	0	0	0	0	0
48	"4-3-8-2"	0	1	1	0	21	2	7	2	1	11	2	0	0	0	0	0	0	0	0	0	0	0	0	0
49	"4-3-9"	0	0	1	0	28	4	11	5	3	9	2	0	1	1	0	0	0	0	0	0	0	0	0	0
50	"4-3-10-1"	0	0	1	0	20	2	7	3	0	10	2	0	0	0	0	0	0	0	0	0	0	0	0	0
51	"4-3-10-2"	0	0	1	0	20	1	7	3	0	10	1	0	0	0	0	0	0	0	0	0	0	0	0	0
52	"4-3-10-3-2"	0	1	1	0	12	8	3	3	0	6	6	0	0	2	0	0	0	0	0	0	0	0	0	0
53	"4-3-10-4"	0	0	1	0	17	4	4	4	0	9	4	0	0	0	0	0	0	0	0	0	0	0	0	0
54	"4-3-10-5"	0	0	1	0	26	1	8	5	2	11	1	0	0	0	0	0	0	0	0	0	0	0	0	0
55	"4-3-11-1"	0	1	1	0	23	9	7	5	2	9	4	1	2	2	0	0	0	0	0	0	0	0	0	0
56	"4-3-11-2"	0	0	1	0	22	2	6	4	3	9	1	0	0	1	0	0	0	0	0	0	0	0	0	0
57	"4-3-11-2-f2"	0	0	0	1	3	4	0	1	0	2	0	0	1	3	0	0	0	0	0	0	0	0	0	0
59	"4-3-12-2"	0	0	1	0	20	3	7	4	0	9	3	0	0	0	0	0	0	0	0	0	0	0	0	0
60	"4-3-12-3"	0	1	1	0	21	1	5	4	2	10	1	0	0	0	0	0	0	0	0	0	0	0	0	0
61	"4-3-12-4"	0	1	1	0	19	1	4	4	1	10	1	0	0	0	0	0	0	0	0	0	0	0	0	0
62	"4-3-13-1"	1	-1	1	0	18	1	7	2	0	9	0	1	0	0	0	0	0	0	0	0	0	0	0	0
63	"4-3-13-2"	0	0	1	0	16	1	5	2	0	9	0	1	0	0	0	0	0	0	0	0	0	0	0	0
64	"4-3-14"	1	-1	1	1	19	4	8	1	1	9	1	3	0	0	0	0	0	0	0	0	0	0	0	0
65	"4-4-1-1"	0	1	1	0	25	2	11	5	0	9	0	2	0	0	0	0	0	0	0	0	0	0	0	0
66	"4-4-1-2"	0	1	1	0	19	9	5	5	0	9	7	0	0	2	0	0	0	0	0	0	0	0	0	0
67	"4-4-1-4-1"	0	1	1	0	27	1	7	7	2	11	1	0	0	0	0	0	0	0	0	0	0	0	0	0
68	"4-4-1-4-2"	1	-1	1	0	19	3	7	1	1	10	2	1	0	0	0	0	0	0	0	0	0	0	0	0
69	"4-4-1-5"	0	1	1	0	19	2	7	3	0	9	2	0	0	0	0	0	0	0	0	0	0	0	0	0
70	"4-4-1-6"	0	0	1	0	19	2	7	3	0	9	0	1	0	1	0	0	0	0	0	0	0	0	0	0
71	"4-4-2-1"	0	1	1	1	22	5	6	5	1	10	5	0	0	0	0	0	0	0	0	0	0	0	0	0
72	"4-4-2-2-1"	0	1	1	0	14	21	2	7	0	5	10	1	1	9	0	0	0	0	0	0	0	0	0	0
73	"4-4-3"	0	1	1	1	20	8	6	4	1	9	3	1	0	4	0	0	0	0	0	0	0	0	0	0
74	"4-4-3-f4"	0	0	0	1	9	10	2	4	0	3	3	0	0	7	0	0	0	0	0	0	0	0	0	0
75	"4-4-4-1"	0	0	1	0	22	1	8	4	0	10	0	0	0	1	0	0	0	0	0	0	0	0	0	0
76	"4-4-4-2"	1	-1	1	0	19	6	9	2	0	8	2	3	0	1	0	0	0	0	0	0	0	0	0	0
77	"4-4-5"	0	1	1	0	21	14	2	10	1	8	9	0	0	5	0	0	0	0	0	0	0	0	0	0
78	"4-4-6-1"	0	0	1	0	22	4	10	4	1	7	1	1	0	2	0	0	0	0	0	0	0	0	0	0
79	"4-4-6-2"	0	0	0	0	14	16	2	7	0	5	11	0	0	5	0	0	0	0	0	0	0	0	0	0
80	"4-4-6-2-f2"	0	0	0	1	7	5	4	0	0	3	1	3	0	1	0	0	0	0	0	0	0	0	0	0
81	"4-4-6-3"	0	0	0	1	12	23	0	9	1	2	10	0	2	11	0	0	0	0	0	0	0	0	0	0
82	"4-4-7"	0	1	1	0	16	1	6	1	0	9	1	0	0	0	0	0	0	0	0	0	0	0	0	0
83	"4-4-7-1-1"	0	1	1	0	15	11	2	5	0	8	9	0	0	2	0	0	0	0	0	0	0	0	0	0
84	"4-4-7-1-2"	0	1	1	0	16	3	4	4	0	8	3	0	0	0	0	0	0	0	0	0	0	0	0	0
85	"4-4-7-1-3"	0	0	0	1	5	14	1	3	0	1	7	0	0	7	0	0	0	0	0	0	0	0	0	0
86	"4-4-7-2-1"	0	1	1	0	24	5	7	5	1	11	5	0	0	0	0	0	0	0	0	0	0	0	0	0
87	"4-4-7-2-3"	1	-1	1	1	8	11	4	2	0	2	4	1	0	6	0	0	0	0	0	0	0	0	0	0
88	"4-4-7-3-1"	0	0	0	1	8	15	1	3	1	3	10	0	0	5	0	0	0	0	0	0	0	0	0	0
89	"4-4-7-4-1"	0	1	1	0	22	6	4	6	1	11	6	0	0	0	0	0	0	0	0	0	0	0	0	0
90	"4-4-7-4-1-f1"	0	0	1	1	9	1	5	0	0	4	0	1	0	0	0	0	0	0	0	0	0	0	0	0
91	"4-4-7-4-1-f2"	0	0	1	0	5	1	2	1	0	2	1	0	0	0	0	0	0	0	0	0	0	0	0	0
92	"4-4-7-4-5-1"	0	1	1	0	15	14	4	6	1	4	7	0	0	7	0	0	0	0	0	0	0	0	0	0
93	"4-4-8-1"	0	0	0	1	8	25	0	5	0	3	17	1	0	7	0	0	0	0	0	0	0	0	0	0
94	"4-4-8-2-1"	0	0	0	1	13	16	2	6	1	4	9	1	0	6	0	0	0	0	0	0	0	0	0	0
95	"4-4-8-2-2"	1	-1	1	1	29	1	17	1	0	11	0	1	0	0	0	0	0	0	0	0	0	0	0	0
96	"4-4-8-3"	0	0	0	1	18	4	8	3	0	7	3	1	0	0	0	0	0	0	0	0	0	0	0	0
97	"4-4-9-1"	1	-1	1	1	23	8	6	3	1	13	1	4	0	3	0	0	0	0	0	0	0	0	0	0
98	"4-4-9-2"	0	0	1	0	28	1	7	7	1	13	1	0	0	0	0	0	0	0	0	0	0	0	0	0
99	"4-4-10-1"	1	-1	1	0	21	5	10	2	0	9	1	3	0	1	0	0	0	0	0	0	0	0	0	0
100	"4-4-10-2"	1	-1	1	0	19	2	8	2	0	9	1	1	0	0	0	0	0	0	0	0	0	0	0	0
101	"4-4-11-1-1"	1	0	0	1	7	9	2	1	0	4	1	3	0	5	0	0	0	0	0	0	0	0	0	0
103	"4-4-11-1-3"	0	0	0	1	13	15	4	5	0	4	9	0	0	6	0	0	0	0	0	0	0	0	0	0
104	"4-4-11-2"	0	1	1	0	22	7	7	4	0	11	0	0	0	7	0	0	0	0	0	0	0	0	0	0
105	"4-4-11-5-1"	1	-1	1	0	25	2	11	4	0	10	1	0	0	1	0	0	0	0	0	0	0	0	0	0
106	"4-4-11-5-2"	0	1	1	1	23	4	8	5	0	10	3	0	0	1	0	0	0	0	0	0	0	0	0	0
107	"4-4-11-7"	0	1	1	0	13	4	3	3	0	7	2	1	0	1	0	0	0	0	0	0	0	0	0	0
108	"4-4-11-8"	1	-1	1	1	18	1	8	2	0	8	0	1	0	0	0	0	0	0	0	0	0	0	0	0
109	"4-4-12-1"	0	1	1	1	7	12	1	6	0	0	4	0	0	8	0	0	0	0	0	0	0	0	0	0
110	"4-4-12-2"	0	0	0	1	4	19	0	4	0	0	8	0	0	11	0	0	0	0	0	0	0	0	0	0
111	"4-5-1-1-1"	1	-1	1	0	18	1	4	4	1	9	1	0	0	0	0	0	0	0	0	0	0	0	0	0
112	"4-5-1-1-2"	0	0	1	0	15	1	6	2	0	7	1	0	0	0	0	0	0	0	0	0	0	0	0	0
113	"4-5-1-2"	0	1	1	0	20	2	6	4	2	8	1	0	0	1	0	0	0	0	0	0	0	0	0	0
114	"4-5-1-3"	0	0	1	0	15	2	3	4	0	8	2	0	0	0	0	0	0	0	0	0	0	0	0	0
115	"4-5-1-5"	1	0	0	1	12	7	4	1	0	7	1	4	0	2	0	0	0	0	0	0	0	0	0	0
116	"4-5-2-1"	0	0	1	0	17	1	5	4	0	8	1	0	0	0	0	0	0	0	0	0	0	0	0	0
117	"4-5-2-2"	0	1	1	1	18	3	4	5	0	9	3	0	0	0	0	0	0	0	0	0	0	0	0	0
118	"4-5-2-3"	0	0	1	0	9	16	1	3	0	5	7	3	2	4	0	0	0	0	0	0	0	0	0	0
119	"4-5-2-4"	0	0	1	0	17	1	5	4	0	8	1	0	0	0	0	0	0	0	0	0	0	0	0	0
120	"4-5-2-5"	0	1	1	1	13	8	4	4	0	5	3	0	0	5	0	0	0	0	0	0	0	0	0	0
121	"4-5-2-6"	1	0	0	1	10	7	4	0	0	6	0	3	1	3	0	0	0	0	0	0	0	0	0	0
122	"4-5-3-3"	0	1	1	0	16	1	3	4	1	8	1	0	0	0	0	0	0	0	0	0	0	0	0	0
123	"4-5-3-4-2"	1	-1	1	0	11	4	3	1	0	7	2	1	0	1	0	0	0	0	0	0	0	0	0	0
124	"4-5-4-1"	0	1	1	0	19	5	5	5	0	9	4	0	0	1	0	0	0	0	0	0	0	0	0	0
125	"4-5-5-1"	0	0	0	0	8	16	1	4	0	3	7	0	2	7	0	0	0	0	0	0	0	0	0	0
126	"4-6-1"	0	1	1	0	14	6	2	3	0	9	6	0	0	0	0	0	0	0	0	0	0	0	0	0
127	"4-6-2-1"	0	1	1	0	18	1	5	4	1	8	1	0	0	0	0	0	0	0	0	0	0	0	0	0
128	"4-6-2-2"	0	1	1	0	15	3	3	4	1	7	2	0	0	1	0	0	0	0	0	0	0	0	0	0
129	"4-6-3-f"	0	0	0	1	5	1	0	0	0	5	0	0	1	0	0	0	0	0	0	0	0	0	0	0
130	"4-6-3-2"	0	1	1	0	15	2	4	3	1	7	1	0	0	1	0	0	0	0	0	0	0	0	0	0
131	"4-6-3-3-2"	1	-1	1	1	15	1	6	2	0	7	0	0	1	0	0	0	0	0	0	0	0	0	0	0
132	"4-6-3-3-2-f"	1	-1	1	1	5	2	1	0	1	3	0	1	1	0	0	0	0	0	0	0	0	0	0	0
133	"4-6-3-4"	0	0	1	0	14	2	5	2	0	7	0	0	1	1	0	0	0	0	0	0	0	0	0	0
134	"4-6-3-5"	0	0	1	0	16	1	5	3	0	8	0	0	1	0	0	0	0	0	0	0	0	0	0	0
135	"4-6-4-1"	0	1	1	0	15	2	4	4	0	7	1	0	1	0	0	0	0	0	0	0	0	0	0	0
136	"4-6-6"	0	1	1	0	16	2	2	4	1	9	1	0	1	0	0	0	0	0	0	0	0	0	0	0
137	"4-6-7-2"	0	1	1	0	20	1	4	4	4	8	0	0	0	1	0	0	0	0	0	0	0	0	0	0
139	"4-6-10"	0	0	0	1	19	3	7	4	1	7	2	0	0	1	0	0	0	0	0	0	0	0	0	0
140	"4-7-1"	0	1	1	0	21	7	5	7	2	7	6	0	0	1	0	0	0	0	0	0	0	0	0	0
141	"4-7-1-f2"	1	-1	1	1	6	6	3	0	0	3	1	3	0	2	0	0	0	0	0	0	0	0	0	0
142	"4-7-1-f3"	1	0	0	1	4	10	3	0	0	1	1	3	0	6	0	0	0	0	0	0	0	0	0	0
143	"4-7-2-1"	0	1	1	0	20	3	6	6	0	8	3	0	0	0	0	0	0	0	0	0	0	0	0	0
144	"4-7-2-1-f5"	1	0	0	1	6	7	4	0	0	2	0	4	0	3	0	0	0	0	0	0	0	0	0	0
145	"4-7-2-2"	0	0	1	0	15	1	6	3	0	6	1	0	0	0	0	0	0	0	0	0	0	0	0	0
146	"4-7-3-f1"	0	0	1	3	5	6	1	0	0	4	0	4	1	1	0	0	0	0	0	0	0	0	0	0
147	"4-7-3-f3/f4"	1	-1	1	1	12	5	6	1	1	4	0	3	0	2	0	0	0	0	0	0	0	0	0	0
148	"4-7-4"	0	1	1	0	17	5	3	5	3	6	5	0	0	0	0	0	0	0	0	0	0	0	0	0
149	"4-7-5"	0	0	1	1	8	3	2	1	0	5	2	1	0	0	0	0	0	0	0	0	0	0	0	0
150	"4-8-1"	0	1	1	0	13	6	2	3	0	8	3	0	1	2	0	0	0	0	0	0	0	0	0	0
151	"4-8-2-1"	0	1	1	0	17	2	4	4	0	9	2	0	0	0	0	0	0	0	0	0	0	0	0	0
152	"4-8-3-1"	0	1	1	0	15	4	2	4	0	9	3	0	0	1	0	0	0	0	0	0	0	0	0	0
153	"4-8-3-1-f"	0	0	0	1	4	5	0	2	0	2	1	1	0	3	0	0	0	0	0	0	0	0	0	0
154	"4-8-4-1"	0	1	1	0	14	2	3	3	0	8	1	0	0	1	0	0	0	0	0	0	0	0	0	0
155	"4-8-4-2-f2"	0	0	0	1	1	5	0	0	0	1	1	1	0	3	0	0	0	0	0	0	0	0	0	0
156	"4-8-5"	0	0	1	0	10	6	4	2	0	4	2	0	0	4	0	0	0	0	0	0	0	0	0	0
159	"6-1"	0	1	1	1	21	8	3	10	0	8	5	0	3	0	0	0	0	0	0	0	0	0	0	0
160	"6-1-1-1"	0	1	1	1	2	5	0	1	0	1	0	3	2	0	0	0	0	0	0	0	0	0	0	0
161	"6-1-1-2"	0	0	1	1	3	5	0	1	0	2	0	4	1	0	0	0	0	0	0	0	0	0	0	0
162	"6-1-2-1-f"	0	0	1	1	6	2	0	2	0	4	0	2	0	0	0	0	0	0	0	0	0	0	0	0
163	"6-1-2-2"	0	0	1	1	5	1	0	2	0	3	0	1	0	0	0	0	0	0	0	0	0	0	0	0
164	"6-1-2-3"	0	0	1	1	6	1	0	2	0	4	0	1	0	0	0	0	0	0	0	0	0	0	0	0
165	"4-8-3-2"	0	1	1	0	14	2	2	3	0	9	2	0	0	0	0	0	0	0	0	0	0	0	0	0
